+13
+9
+8
+1
-15
+10
+16
+17
+8
+8
+17
+6
+17
+18
-10
-16
+13
+15
-18
-11
-2
+7
-14
-4
+17
+18
-6
+3
-4
-2
-18
-23
+7
-5
-14
-12
+16
+16
+10
+16
-4
-21
-11
-16
-17
+3
-1
+19
+13
+18
+4
+19
-2
+13
+20
+4
-16
+6
+11
-13
-1
+19
+9
+5
+13
+14
-19
+8
-13
-5
+11
-15
-9
+5
-3
+1
-15
-1
+19
+21
+2
+1
+10
-1
+5
-6
+13
+7
-1
+7
+8
-19
+8
-13
+4
+16
+11
+7
+6
-14
+19
+3
+19
+18
+13
+19
+8
+15
+6
-9
+8
+17
-12
+2
+6
+14
-9
+8
+13
+6
+5
+19
-16
+14
-9
+7
+19
-18
-3
-15
-19
-10
+2
-17
+19
-8
-19
+7
-16
-8
+2
-18
-1
+9
+19
-17
+3
+1
+6
-14
-2
+7
-4
+14
-6
+8
+2
+5
+21
+18
+3
+8
-13
+17
-19
+13
+5
-15
+13
-8
+6
+14
+16
+13
+12
+17
+12
+17
-11
+1
+16
-19
-17
-14
-8
+3
+12
+13
+9
-1
-12
+5
-12
+15
+1
+1
+9
+8
+10
-6
+4
-2
+7
+4
-1
-2
+10
+12
+4
-6
+1
+17
+5
-10
-19
-9
-17
+18
-15
+6
+18
+19
-17
+15
-14
-2
+15
-2
-10
-18
-21
+3
-2
-16
+1
-4
+17
-18
-14
+2
+11
-18
+11
-8
-14
-10
+2
-5
-15
-8
-18
-8
+13
+19
+14
-9
+11
-5
+10
+3
+21
-20
-7
+5
+6
-3
+13
-4
+1
-3
-20
-9
-7
+10
+12
+13
+11
+12
-5
+4
+29
-9
-21
-15
+34
+38
+39
+14
+20
+3
-11
-15
+12
+22
-23
-19
-14
+6
+11
+15
-17
+12
+16
+3
+21
-10
+17
+21
+17
-3
-19
-11
-6
+20
+5
+17
+12
+8
+12
+13
+4
-1
+23
-8
+11
+17
+7
-9
-2
-11
+8
+9
+4
+19
+13
-14
+19
+17
-18
-6
+12
-19
-6
+7
+7
+9
-6
-18
+5
-6
-17
+14
-3
-16
-13
-11
+16
+19
-2
+5
+3
-7
-15
-10
+13
+8
-16
-12
-9
-19
-18
-11
-5
+13
-17
+3
+16
+25
-15
+22
-18
-17
+5
+4
-20
-9
+5
-18
+5
-23
+3
-16
+12
-4
-7
+21
-4
+7
+14
+15
-24
-24
+69
+7
+5
+10
+18
+23
+11
+19
-3
+6
-15
+20
+11
+2
+4
+11
-14
+21
-16
-1
-16
+10
-7
+3
+34
+17
-12
+18
+8
+17
-15
+18
-6
+15
-25
-16
+1
+7
-18
+4
-3
+12
-14
-6
+19
+42
+52
+41
-4
+50
+20
+10
-14
-11
-17
+14
+7
+3
+44
-21
-63
-103
+28
+98
-21
-110
-112
+14
+28
-44
-16
+9
-6
-49
-20
+10
+5
+4
+20
+21
-29
+6
-9
-3
-11
-23
+27
-5
+39
-185
-67702
-14
